A,0,0,0.000000
A,0,1,0.110501
A,0,2,0.141404
A,0,3,0.088752
A,0,4,0.153484
A,0,5,0.157812
A,0,6,0.120155
A,0,7,0.074229
A,0,8,0.233439
A,0,9,0.043623
A,1,0,0.162588
A,1,1,0.000000
A,1,2,0.040991
A,1,3,0.159105
A,1,4,0.166269
A,1,5,0.148506
A,1,6,0.039478
A,1,7,0.166641
A,1,8,0.033476
A,1,9,0.180092
A,2,0,0.023597
A,2,1,0.113277
A,2,2,0.000000
A,2,3,0.110411
A,2,4,0.010556
A,2,5,0.065870
A,2,6,0.141732
A,2,7,0.059516
A,2,8,0.185636
A,2,9,0.086595
A,3,0,0.092392
A,3,1,0.084995
A,3,2,0.040711
A,3,3,0.000000
A,3,4,0.125599
A,3,5,0.130549
A,3,6,0.115277
A,3,7,0.148295
A,3,8,0.041352
A,3,9,0.190795
A,4,0,0.155314
A,4,1,0.136113
A,4,2,0.057989
A,4,3,0.156903
A,4,4,0.000000
A,4,5,0.106568
A,4,6,0.122835
A,4,7,0.009997
A,4,8,0.075946
A,4,9,0.028236
A,5,0,0.101079
A,5,1,0.136208
A,5,2,0.152721
A,5,3,0.108797
A,5,4,0.169351
A,5,5,0.000000
A,5,6,0.078746
A,5,7,0.206285
A,5,8,0.052173
A,5,9,0.126086
A,6,0,0.141049
A,6,1,0.140430
A,6,2,0.134457
A,6,3,0.073526
A,6,4,0.145021
A,6,5,0.016031
A,6,6,0.000000
A,6,7,0.104445
A,6,8,0.014489
A,6,9,0.090537
A,7,0,0.031681
A,7,1,0.054803
A,7,2,0.151886
A,7,3,0.071015
A,7,4,0.062340
A,7,5,0.063916
A,7,6,0.146397
A,7,7,0.000000
A,7,8,0.186218
A,7,9,0.056492
A,8,0,0.146316
A,8,1,0.147971
A,8,2,0.146060
A,8,3,0.091090
A,8,4,0.158755
A,8,5,0.152730
A,8,6,0.133909
A,8,7,0.230325
A,8,8,0.000000
A,8,9,0.197543
A,9,0,0.145985
A,9,1,0.075701
A,9,2,0.133782
A,9,3,0.140400
A,9,4,0.008625
A,9,5,0.158020
A,9,6,0.101471
A,9,7,0.000268
A,9,8,0.177271
A,9,9,0.000000
B,0,0,0.100000
B,1,0,0.100000
B,2,0,0.100000
B,3,0,0.100000
B,4,0,0.100000
B,5,0,0.100000
B,6,0,0.100000
B,7,0,0.100000
B,8,0,0.100000
B,9,0,0.100000
